 BILLING 	  	 ZONE  	 376-001 	  	  
ACCOUNT 	 METER 	  CLASS  	 PREVIOUS 	 CURRENT 	 DEDUCTION 
37600100020	05 002063	A	0
37600100025	867409	A	12
37600100034	5002039	A	0
37600100037	141210447	A	0
37600100040	16050055	A	0
37600100045	16050055	A	0
37600100050	L06101762	C	4224
37600100060	L031572284	A	1041
37600100068	05 00180	A	0
37600100070	L061810701	A	1852
37600100080	12000385	A	0
37600100090	80200309	A	0
37600100100	20130200602	B	18
37600100108	12000612	A	0
37600100110	L8169116	A	74
37600100120	12000395	A	0
37600100161	34583493	A	0
37600100170	LAWASCO2023	B	729
37600100171	12000336	A	20
37600100192	12000391	A	0
37600100200	L051059417	A	1574
37600100210	1200695	A	207
37600100215	3084	A	0
37600100240	20190200104	A	52
37600100260	GKMJZ1000900125	A	828
37600100270	141210394	A	326
37600100420	9059	A	2031
37600100558	141210072	A	0
37600100660	12000431	A	527
37600100900	3444	A	0
37600101001	3555	A	28
37600101250	92	A	0
37600102000	3548	A	113
37600102065	5002028	A	0
37600102250	84000125	A	0
37600102403	LXH080542	A	0
37600102651	71072597	A	0
37600102860	LXH080242	A	0
37600103800	9144	A	0
37600104600	15021070	A	46
37600104610	37600104610	A	28
37600104700	3113	A	0
37600105360	141210642	A	580
37600105371	141210491	A	321
37600105375	05 1838679	A	1635
37600105700	42120	A	0
37600106400	9031	A	467
37600106500	20190200143	A	853
37600106602	L03157163	A	0
37600106610	20190200393	A	2
37600106621	141210983	A	570
37600106710	GKM06C2559	A	0
37600106730	L498311	A	100
37600106735	155140217	A	0
37600106740	1201057	A	3196
37600106760	141210882	A	94
37600107501	2019020042	A	52
37600109000	12000143	A	0
37600110005	141210113	A	0
37600110100	71636781	A	0
37600110101	12000687	A	8742
37600111000	HN03014469	A	5358
37600111050	37600111050	A	0
37600111270	LAMU0157	A	4
37600111300	141210135	A	948
37600111310	9000393	A	1416
37600111501	141210477	A	226
37600112000	HN99010001	A	3004
37600112100	9056	A	991
37600112330	33311	A	0
37600112370	3170	A	814
37600112501	8344704	A	1353
37600113252	12000643	A	444
37600113370	141210482	A	647
37600113503	4136523	A	84
37600113750	3265	B	901
37600113761	10001406	A	553
37600113781	3490	A	1767
37600113790	1412106079	B	838
37600113800	99A027764	A	805
37600114000	37600114000	A	0
37600114251	9000323	A	466
37600114252	37600114252	A	0
37600114500	37600114500	A	0
37600115300	37600115300	A	0
37600115430	12000067	A	44
37600115500	HN05102607	A	0
37600115620	20190200179	A	357
37600116100	12000414	A	241
37600117251	120137	B	839
37600117600	10592	A	0
37600117709	141210433	A	11
37600117800	141210305	B	1602
37600118000	37600118000	A	0
37600118450	3482	A	4154
37600118500	3443	A	645
37600118550	12000462	A	101
37600119002	141210664	B	521
37600119501	05 002924	A	379
37600120000	12000306	A	753
37600120020	16052212	A	264
37600120030	61002264	A	776
37600120040	141210527	B	1880
37600120500	37600120500	A	0
37600121001	05 00068	A	2814
37600122003	HN05107345	A	203
37600122301	141210465	A	433
37600123050	141210028	A	727
37600123100	41366675	A	0
37600123200	60748202	A	0
37600123251	3629	A	1334
37600123260	3506	A	425
37600123270	141210001	A	422
37600123600	41366194	A	96
37600123610	12000099	A	346
37600123611	37600123611	A	347
37600123700	141210617	A	337
37600123710	37600123710	A	22
37600123851	9000440	A	2476
37600123870	141210382	A	550
37600123900	37600123900	A	0
37600123951	37600123951	A	0
37600124000	37600124000	A	0
37600124000	37600124000	A	0
37600125500	12000196	A	0
37600126005	141210567	A	0
37600126301	37600126301	A	0
37600127505	3161	A	261
37600131202	9000394	A	446
37600131601	141210634	A	695
37600131752	L061811590	A	952
37600132005	37600132005	A	0
37600134500	141210201	A	0
37600135253	37600135253	A	0
37600135502	L03157244	A	3105
37600137851	HN9901166	A	724
37600138000	1201063	A	941
37600138502	GKM06086335	A	221
37600139102	HN05106881	A	33
37600140500	L867480	A	233
37600141003	137	A	355
37600141250	1412109198	A	295
37600141280	9000352	A	0
37600142100	82163781	A	0
37600142250	141210956	A	718
37600143381	37600143381	A	0
37600143390	141210674	A	420
37600143420	141210856	A	475
37600143430	LXH080781	A	519
37600143650	HN99011128	A	0
37600143860	99A118676	A	1761
37600143865	141210440	A	381
37600143890	37600143890	A	0
37600144120	141210812	A	136
37600144150	12000491	A	0
37600144160	LXH081023	A	602
37600144170	73	A	203
37600144300	05 000266	A	0
37600144306	141210613	A	754
37600144551	4 897882	A	792
37600144600	HN05110509	A	0
37600144760	3031	A	704
37600145002	37600145002	A	0
37600146870	9000277	A	2630
37600146901	12000576	A	15
37600147001	AC551190	A	0
37600147600	160	A	316
37600147700	80087	A	0
37600148810	9162	A	2064
37600148830	3208	A	0
37600148840	141210115	A	0
37600148850	HN3367649	A	0
37600148880	141210120	A	0
37600148910	L061811590	A	0
37600148930	8181	A	0
37600148950	805314	A	80
37600148955	CEKI3388	A	606
37600148960	14121454	A	1135
37600148970	L091469596	A	477
37600149150	141210745	A	380
37600149990	15022270	A	65
37600150000	141210999	A	419
37600150050	05 001798	A	0
37600150070	12000593	A	10
37600150250	141210694	A	0
37600150500	3621	A	158
37600150750	3218	A	0
37600151000	05 001792	A	590
37600151200	141210792	A	265
37600151210	GKMJ06086424	A	1098
37600151550	9212	A	686
37600152540	141210324	A	371
37600153000	814334	A	0
37600153010	814334	A	124
37600153021	141210780	A	343
37600153030	141210177	A	155
37600153200	820691	A	0
37600153250	61810716	A	310
37600153400	HN04102662	A	2157
37600153600	05 01473	A	336
37600153740	1201405166	A	320
37600155011	141210835	A	84
37600155020	141210000	A	91
37600155030	50	A	108
37600155040	61399509	A	444
37600155050	L09107959	A	814
37600155060	12000124	A	97
37600155070	90P220847	A	0
37600155080	907	A	1109
37600155100	12000685	C	9498
37600155120	173	A	176
37600155130	150254518	A	0
37600155140	3526	A	480
37600155170	141210865	A	1322
37600155200	11059122	A	165
37600155310	450227218	A	1179
37600155340	2019020087	A	897
37600155380	961603	A	56
37600155400	CEKI12953	A	408
37600155430	101324055	A	60
37600155450	141210407	A	0
37600155460	GKM06086057	A	10
37600155470	1201006	A	815
37600155490	3624	A	828
37600155500	GKM06C2436	A	10
37600155540	12LA050288P	A	116
37600155550	141210762	A	117
37600155580	12000133	A	289
37600155610	37600155610	A	344
37600155620	LAMU0146	B	3292
37600155650	141210568	A	119
37600155690	37600155690	A	11
37600155750	GKMJ211040042	A	482
37600155790	37600155790	A	391
37600155800	91056055	C	2014
37600155910	150208118	A	482
37600155920	12000135	A	57
37600155990	140271285	A	115
37600156000	GKMJZ100900129	A	197
37600156120	GKM12A07428C	A	604
37600156130	141210963	A	87
37600156140	12000295	A	20
37600156190	12000274	A	239
37600156200	1102251	A	50
37600156210	12000461	A	101
37600156230	15022318	A	279
37600156240	141210704	A	781
37600156300	14010091	A	0
37600156400	LAMU0091	A	39
37600156440	20190200287	A	48
37600156450	101325608	A	306
37600156550	3108	A	89
37600156600	141210018	A	509
37600156700	141210959	A	0
37600156750	81399507	A	1462
37600156900	L101325629	A	2477
37600157100	3558	A	362
37600157170	155140168	A	0
37600157350	LXH080398	A	0
37600157360	141210925	A	64
37600158710	141210771	A	491
37600158780	GKMJZ100900126	A	639
37600158820	LAMU0080	A	192
37600159000	14121078	A	0
37600159010	141210571	A	0
37600160040	1210431	A	0
37600160120	12000077	A	517
37600160140	9258	A	1194
37600160170	141210571	A	0
37600160190	LXH1318427	A	0
37600160220	37600160220	C	30
37600160230	12000150	A	249
37600160240	473	A	743
37600160250	141210138	A	0
37600160280	3259	A	1651
37600160360	141210029	A	261
37600160370	141210992	A	961
37600160400	15024569	A	0
37600160440	12000124	A	0
37600160490	20190200804	A	393
37600160500	L00100226	A	0
37600160600	80058	A	73
37600160610	141210935	A	122
37600160620	37600160620	A	147
37600160630	2962	A	0
37600160680	9000350	A	1808
37600160690	L1324028	A	1586
37600160760	141210969	A	113
37600160810	141210313	A	441
37600160820	37600160820	A	47
37600160830	37600160830	A	251
37600160860	16051711	A	142
37600160870	141210777	A	1138
37600160900	141210392	A	530
37600160910	SNDE09005635	A	16
37600160940	53122182013	A	377
37600160960	20180800226	A	92
37600160970	CEKI3093	A	56
37600160990	37600160990	A	110
37600161110	37600161110	A	5
37600161120	37600161120	A	2
37600161130	37600161130	A	14
37600161140	37600161140	A	3
37600161150	37600161150	A	4
37600161160	37600161160	A	8
37600161170	37600161170	A	1
37600161200	141210661	A	1072
37600161300	16001725	A	546
37600161350	1201004	A	2116
37600161450	141210715	A	304
37600161480	HN04101143	A	34
37600161500	37600161500	A	121
37600161560	37600161560	A	472
