A/C No.	Jul-22	Aug-22
37600500014	81	85
37600500250	2208	2216
37600500502	2882	2907
37600501100	1351	1395
37600501150	2912	2912
37600501202	1491	1505
37600501300	1237	1237
37600501600	242	244
37600502001	948	952
37600502500	573	
37600502250	604	608
37600503000	850	852
37600503500	6	6
376-005-07801	1633	1633
37600504255	77	77
37600504509	152	166
37600505250	226	237
37600505300	307	312
37600505500	512	512
37600505600	611	611
37600505700	148	148
37600505750	196	199
37600505800	2977	2994
37600506009	1412	1414
37600506511	1261	1263
37600507502	2298	2303
37600507600	129	129
37600507701	297	321
37600507801	506	506
37600508002	339	351
37600508501	1395	1442
37600510505	1142	1150
37600510600	60	61
372-005-21502	1142	1150
37600510650	3240	3240
37600510700	54	54
37600510750	63	65
37600512001	64	69
37600512501	983	989
37600512520	1730	1757
37600513006	1003	1013
37600513502	367	367
37600514003	193	197
37600514004	85	85
37600514250	261	261
37600514509	421	452
37600515050	137	139
37600515201	323	329
37600516401	222	227
37600516502	663	667
37600516510	1137	1137
37600516570	2201	2217
37600516700	133	133
37600517003	702	723
37600517501	290	302
37600517600	170	183
37600517650	510	510
37600517651	111	111
376-005-39140	111	114
37600518000	1625	1629
37600518500	880	884
37600519010	254	258
37600520000	1373	1404
37600520500	419	433
37600521008	293	300
37600521502	564	572
37600521510	248	248
37600522502	1251	1273
37600523000	198	201
37600524003	394	394
37600524300	45	45
37600524600	1415	1440
37600525000	177	186
37600525251	486	498
37600525302	584	584
37600525600	294	302
37600525800	1114	1125
37600526301	1007	1007
37600527005	1325	1325
37600527504	823	852
37600528505	447	447